0.0000 0.500
0.0000 0.510
0.0000 0.520
0.0000 0.530
0.0000 0.540
0.0000 0.550
0.0000 0.560
0.0000 0.570
0.0000 0.580
0.0000 0.590
0.0000 0.600
0.0000 0.610
0.0000 0.620
0.0000 0.630
0.0000 0.640
0.0000 0.650
0.0000 0.660
0.0000 0.670
0.0000 0.680
0.0000 0.690
0.0000 0.700
0.0000 0.710
0.0000 0.720
0.0000 0.730
0.0000 0.740
0.0000 0.750
0.0000 0.760
0.0001 0.770
0.0001 0.780
0.0001 0.790
0.0001 0.800
0.0001 0.810
0.0002 0.820
0.0002 0.830
0.0003 0.840
0.0005 0.850
0.0008 0.860
0.0015 0.870
0.0040 0.880
0.0148 0.890
0.4400 0.900
0.7164 0.910
0.7801 0.920
0.8181 0.930
0.8450 0.940
0.8648 0.950
0.8810 0.960
0.8942 0.970
0.9052 0.980
0.9146 0.990
0.9226 1.000
